0
-128
16
-128
1
-128
1
-128
1
-128
1
-128
1
-128
1
-128
1
-128
1
-128
1
-128
1
-128
1
-128
1
-128
1
-128
1
-128
11
-128
0
-128
0
-128
53
-128
0
-128
-11
-128
0
-128
121
-120
-127
-57
-30
44
-80
117
-1
127
16
127
-1
127
-55
127
-1
127
-1
127
-10
127
-2
127
-2
127
-2
127
-2
127
-2
127
-2
127
-2
127
-2
127
-2
127
-2
127
-2
127
-5
127
-10
127
-1
127
-25
127
-21
127
-1
127
-40
126
-123
127
103
89
-21
4
-83
-60
100
-107
0
-128
-106
-128
0
-128
0
-128
25
-128
0
-128
5
-128
1
-128
4
-128
16
-128
0
-128
74
-128
0
-128
0
-128
-53
-128
0
-128
10
-84
32
6
45
59
127
67
-110
84
-62
118
121
124
-11
123
-1
127
-100
127
-1
127
-1
127
-20
127
-1
127
-42
127
-1
127
-96
127
-1
127
51
125
-84
90
3
31
-127
-35
-86
-94
121
-125
0
-128
103
-128
0
-128
25
-128
0
-128
0
-128
4
-128
1
-128
1
-128
1
-128
4
-128
13
-128
0
-128
57
-128
0
-128
26
-128
93
-128
0
-128
-84
-90
20
-1
-28
79
114
121
-1
127
-96
127
-1
127
-7
127
-1
127
-1
127
-7
127
-2
127
-2
127
-2
127
-2
127
-2
127
-2
127
-2
127
-2
127
-2
127
-2
127
-2
127
-2
127
-10
127
-1
127
-17
127
-1
127
-1
127
-96
127
-1
127
-72
118
-13
72
121
-22
-84
-106
51
-128
37
-128
0
-128
11
-128
1
-128
0
-128
6
-128
2
-128
1
-128
1
-128
1
-128
1
-128
2
-128
10
-128
0
-128
5
-128
26
-128
0
-128
35
-128
63
-128
-56
-110
22
-31
-49
50
-96
92
-116
121
-1
127
-84
127
-1
127
-18
127
-1
127
-1
127
-3
127
-2
127
-2
127
-5
127
-8
127
-1
127
-51
127
-1
127
-50
127
-52
127
36
125
10
87
-28
26
85
-29
75
-85
63
-121
0
-128
60
-128
0
-128
14
-128
0
-128
0
-128
4
-128
1
-128
1
-128
1
-128
1
-128
5
-128
3
-128
0
-128
55
-128
0
-128
-69
-128
0
-128
-71
-127
36
-96
98
-54
-122
6
-127
66
-52
96
-115
121
-1
127
61
127
-1
127
-31
127
-1
127
-1
127
-4
127
-2
127
-2
127
-2
127
-2
127
-2
127
-13
127
-1
127
-18
127
-19
127
-1
127
5
127
-1
127
28
112
115
48
26
-42
-109
-113
0
-128
-102
-128
0
-128
23
-128
0
-128
0
-128
8
-128
1
-128
1
-128
1
-128
1
-128
1
-128
1
-128
6
-128
4
-128
1
-128
10
-128
0
-128
17
-128
0
-128
64
-125
-53
-91
-32
-9
97
86
-1
127
-119
127
-38
127
-1
127
-72
127
-1
127
-15
127
-3
127
-2
127
-2
127
-2
127
-2
127
-2
127
-2
127
-2
127
-5
127
-8
127
-1
127
-15
127
-1
127
-49
127
-1
127
-21
125
-119
100
-14
21
-12
-79
-22
-126
0
-128
42
-128
0
-128
29
-128
0
-128
1
-128
5
-128
1
-128
1
-128
1
-128
1
-128
1
-128
1
-128
1
-128
7
-128
0
-128
28
-128
0
-128
38
-128
36
-128
0
-128
85
-118
-46
-86
-113
-11
107
76
19
118
-110
127
-1
127
-17
127
-1
127
-1
127
-1
127
-4
127
-3
127
-2
127
-2
127
-14
127
-1
127
-1
127
-86
127
-1
127
-36
125
-1
127
21
114
-23
44
52
-31
111
-106
0
-128
-68
-127
0
-128
33
-128
12
-128
0
-128
10
-128
1
-128
1
-128
1
-128
1
-128
7
-128
8
-128
0
-128
78
-128
0
-128
-58
-128
0
-128
-28
-125
-115
-68
-4
30
-32
108
-1
127
56
127
-1
127
-15
127
-8
127
-1
127
-11
127
-2
127
-2
127
-2
127
-2
127
-2
127
-2
127
-2
127
-2
127
-2
127
-5
127
-16
127
-1
127
-75
127
-1
127
-97
127
-1
127
-1
127
-89
85
-97
-9
-121
-97
0
-128
126
-128
0
-128
0
-128
16
-128
0
-128
7
-128
3
-128
1
-128
1
-128
1
-128
1
-128
1
-128
2
-128
14
-128
0
-128
17
-128
41
-128
0
-128
86
-127
0
-128
-102
-109
-106
-32
-114
37
-93
86
63
123
-1
127
102
127
-1
127
-33
127
-1
127
-1
127
-6
127
-2
127
-2
127
-5
127
-7
127
-1
127
-45
127
-1
127
-16
127
-114
127
-65
127
-96
93
-113
38
8
-22
106
-103
0
-128
-28
-127
0
-128
24
-128
27
-128
0
-128
13
-128
1
-128
1
-128
10
-128
3
-128
0
-128
77
-128
0
-128
-39
-128
0
-128
-123
-122
-123
-55
57
48
50
114
-1
127
-93
127
-1
127
-26
127
-1
127
-1
127
-7
127
-3
127
-2
127
-2
127
-2
127
-2
127
-2
127
-2
127
-2
127
-2
127
-13
127
-1
127
-11
127
-27
127
-1
127
77
127
-1
127
36
115
25
49
81
-39
55
-100
-3
-128
0
-128
-123
-128
0
-128
38
-128
0
-128
4
-128
2
-128
1
-128
1
-128
1
-128
1
-128
1
-128
1
-128
1
-128
1
-128
1
-128
1
-128
1
-128
7
-128
0
-128
4
-128
34
-128
0
-128
-13
-128
0
-128
14
-117
-81
-72
93
-3
-74
82
57
127
-49
127
-21
127
-1
127
-43
127
-1
127
-6
127
-5
127
-2
127
-2
127
-3
127
-12
127
-1
127
-19
127
-28
127
-1
127
-43
126
-1
127
-92
102
127
29
-98
-45
-66
-96
-111
-120
-93
-128
0
-128
28
-128
0
-128
10
-128
0
-128
2
-128
1
-128
3
-128
18
-128
0
-128
71
-128
0
-128
0
-128
51
-127
0
-128
106
-86
5
12
-60
88
124
125
-1
127
116
127
-1
127
-38
127
-1
127
-4
127
-5
127
-2
127
-2
127
-2
127
-2
127
-2
127
-2
127
-5
127
-9
127
-1
127
-1
127
-56
127
-1
127
124
127
121
126
-11
97
-10
1
122
-94
-39
-126
24
-128
0
-128
19
-128
0
-128
0
-128
4
-128
3
-128
1
-128
1
-128
1
-128
1
-128
1
-128
1
-128
2
-128
4
-128
11
-128
0
-128
41
-128
0
-128
0
-128
-6
-128
-28
-118
-48
-60
-79
42
82
115
-1
127
85
127
-1
127
-42
127
-1
127
-1
127
-9
127
-2
127
-2
127
-2
127
-2
127
-2
127
-2
127
-2
127
-5
127
-14
127
-1
127
-29
127
-1
127
-1
127
-112
127
-1
127
22
93
42
-9
88
-99
5
-125
9
-128
0
-128
30
-128
0
-128
0
-128
4
-128
3
-128
1
-128
1
-128
1
-128
1
-128
1
-128
5
-128
0
-128
12
-128
0
-128
43
-128
0
-128
18
-128
-36
-125
73
-99
55
-35
-57
32
-74
88
115
121
0
127
-1
127
-1
127
-19
127
-1
127
-5
127
-2
127
-3
127
-2
127
-2
127
-6
127
-1
127
-10
127
-7
127
-1
127
-54
127
-1
127
-84
120
-109
85
94
24
90
-58
52
-122
0
-128
61
-127
0
-128
87
-128
0
-128
0
-128
7
-128
1
-128
1
-128
1
-128
1
-128
2
-128
8
-128
0
-128
0
-128
46
-128
0
-128
-47
-128
0
-128
102
-115
-108
-54
56
26
103
93
59
125
-31
127
-10
127
-1
127
-18
127
-1
127
-4
127
-3
127
-2
127
-2
127
-2
127
-2
127
-2
127
-8
127
-11
127
-1
127
-108
127
-1
127
33
127
-1
127
-2
124
6
61
-11
-29
-112
-96
0
-128
11
-128
83
-128
0
-128
55
-128
0
-128
8
-128
2
-128
1
-128
1
-128
1
-128
1
-128
1
-128
1
-128
1
-128
4
-128
0
-128
17
-128
0
-128
69
-128
0
-128
7
-128
-64
-122
-116
-98
-82
-26
61
60
79
105
-18
121
-17
127
-1
127
-39
127
-1
127
-15
127
-1
127
-4
127
-2
127
-2
127
-2
127
-2
127
-4
127
-13
127
-1
127
-29
127
-9
127
-1
127
-4
126
-1
127
125
99
-119
18
87
-61
7
-114
0
-128
-94
-128
0
-128
2
-128
8
-128
0
-128
7
-128
1
-128
1
-128
1
-128
1
-128
1
-128
1
-128
1
-128
9
-128
0
-128
0
-128
83
-128
0
-128
55
-127
0
-128
-20
-121
33
-59
-76
12
120
81
-117
126
-1
127
-104
127
-1
127
-61
127
-1
127
-5
127
-5
127
-2
127
-2
127
-3
127
-9
127
-1
127
-25
127
-1
127
-1
127
-59
127
-1
127
91
109
60
53
-25
-14
-32
-77
46
-121
0
-128
119
-128
0
-128
37
-128
0
-128
0
-128
4
-128
1
-128
1
-128
6
-128
8
-128
0
-128
93
-128
0
-128
-55
-128
0
-128
30
-127
-87
-77
34
-8
117
55
111
116
-1
127
-106
126
-1
127
-51
127
-1
127
-1
127
-10
127
-2
127
-2
127
-2
127
-2
127
-2
127
-2
127
-2
127
-2
127
-2
127
-8
127
-6
127
-1
127
-63
127
-1
127
80
127
-1
127
-22
123
28
73
7
-9
56
-92
0
-128
-43
-128
7
-128
0
-128
69
-128
0
-128
15
-128
1
-128
1
-128
1
-128
1
-128
1
-128
1
-128
1
-128
1
-128
7
-128
6
-128
0
-128
71
-128
0
-128
-62
-128
0
-128
-80
-125
75
-72
-108
16
-74
96
-1
127
101
127
-1
127
-1
127
-32
127
-1
127
-10
127
-3
127
-2
127
-2
127
-2
127
-8
127
-3
127
-1
127
-40
127
-1
127
124
127
-1
127
-108
119
78
65
68
-26
21
-102
0
-128
66
-128
0
-128
0
-128
25
-128
0
-128
9
-128
1
-128
1
-128
1
-128
1
-128
1
-128
1
-128
2
-128
12
-128
0
-128
39
-128
0
-128
0
-128
-96
-128
0
-128
58
-106
-122
-45
-78
37
121
110
-1
127
12
127
-1
127
-48
127
-1
127
-1
127
-8
127
-3
127
-2
127
-2
127
-2
127
-2
127
