-2496
-201.729
-288.434
-1447.01
-3152.8
-370.005
-837.811
256.646
-3932.92
-614.606
-8464.09
-1003.26
-8022.19
-2844.18
-7372.17
-1393.02
-855.372
190.983
2522.83
-593.175
1516.24
-21776.1
6992.47
2747.35
4406.62
5270.23
4176.7
5889.3
2776.7
4185.23
-3700.74
909.026
-5183.79
-297.457
-834.741
2330.72
759.741
284.753
-3341.33
2703.22
320.104
1803.99
-744.51
1522.31
974.565
1125.72
-564.337
-314.734
-2320.66
-1856.86
-2388.7
932.355
-2832.96
910.914
-2052.19
-3000.83
-1817.34
2358.65
2330.76
1077.72
3186.75
1032.75
-309.204
-10601.6
6476.71
1158
48.9267
1005.89
451.629
3555.09
1594.45
-355.312
-5399.9
1037.46
-2619.8
176.932
1950.24
1877.16
1006.22
1526.88
-1229.8
4239.86
-1783.09
-343.06
-2859.34
1860.8
-862.403
286.1
-2960.11
-2348.48
-2509.93
-638.112
1818.7
1459.13
2021.69
193.968
2120.34
-5474.59
2314.44
1894.33
-2499.4
-496.799
-1014.51
2602.41
-2387.88
-2950.99
4838.1
1004.5
-174.322
-62.1443
967.307
1302.61
1839.63
-1846.14
-2796.5
3409.73
-1009.52
-1090.67
514.411
988.555
-1121.04
3124.11
-1123.85
1818.39
-2630.78
607.698
-1444.12
1637.18
-684.095
-2357.06
-881.653
-2841.32
312.327
2555.28
215.338
20.0302
864.404
289.998
1565.01
-3001.38
2306.58
-61.9116
-3341.71
586.451
-814.106
975.445
-974.493
173.265
3497.59
375.932
614.876
-983.393
-134.01
506.516
136.259
-505.882
21.4329
3783.63
-1876.14
-1096.6
-469.175
158.63
-366.102
1002.16
-2370.94
-986.725
681.645
2801.42
-1252.15
38.2032
-536.741
-1427.42
1095.37
-1460.89
-297.171
1453.72
-1641.57
1302.87
100.782
32.7448
791.216
-1256.26
1383.3
-142.975
-89.061
-168.787
-342.089
-1409.62
266.63
615.781
2676.28
1183.88
843.254
426.572
-1681.09
782.587
-1336.7
-1287.28
-1021.74
1146.55
-756.799
10.277
1003.91
-359.172
1785
-407.741
-2678.29
-531.262
821.474
1277.12
-1746.7
1302.41
-1952.14
-202.447
-472.303
-1292.78
471.432
1307.46
1475.66
1725.36
792.373
-1824.17
202.537
-2038.88
718.965
289.363
383.242
919.784
-40.3547
-148.312
538.547
735.551
-404.901
762.207
935.317
-430.634
-1234.34
1319.37
650.291
-1646.58
-1039.82
-598.838
-464.715
1208.2
412.178
-684.706
606.934
-653.858
-2183.21
412.556
69.9722
-1159.02
-431.927
1686.15
-74.1456
329.002
-515.549
44.0317
1320
1250.55
91.5214
-746.956
-1837.7
-1822.17
-228.566
435.961
-30.0202
683.428
1283.68
1709.7
882.257
922.412
891.661
-972.941
-992.962
-187.678
529.701
50.0728
-535.076
-204.722
551.257
-1251.32
-120.525
-478.707
438.551
812.374
-1185.08
1019.31
1429.86
-350.627
-1700.83
1515.95
-1580.94
-682.467
767.763
764.666
109.548
-1097.26
-388.82
332.641
4.10161
-1890.18
-850.762
-767.757
-1182.84
1747.39
181.982
1402.04
378.497
651.921
24.0303
623.934
163.518
-1841.01
1259.9
-1055.31
220.964
331.371
688.734
1537.84
-2413.28
-74.0768
373.066
94.1602
-266.963
427.82
215.711
596.617
1827.97
988.108
427.757
-1394.59
-356.713
643.775
-570.99
-749.808
406.888
625.57
-1777.71
-2235.31
-589.183
-373.071
157.381
-301.182
958.218
638.737
-308.078
318.679
-41.8646
718.523
929.908
-1095.79
-1109.76
750.113
-967.931
572.906
625.903
-453.479
-2099.3
-927.371
957.642
1313.18
784.642
83.8303
1207.45
635.424
1796.24
-1054.42
-750.603
-87.7676
494.344
486.262
-413.362
-203.325
-894.532
186.712
492.743
-833.762
-794.684
441.838
-2440.97
-528.247
2046.77
528.02
828.523
570.824
-383.163
-1518.63
-409.287
607.085
359.056
60.2409
-624.03
-1810.78
494.695
714.034
-1417.07
1165.03
604.352
1441.9
-627.422
-1374.94
-297.769
937.214
116.537
764.442
133.113
1652.72
638.724
-970.003
-297.296
-368.989
-553.227
-600.306
-144.552
-973.456
644.374
628.979
992.187
75.0125
-566.653
-181.299
-975.563
783.644
-777.926
417.609
-799.925
193.465
-483.902
-191.774
295.93
452.126
708.587
-965.211
-900.576
-697.354
-100.992
-566.705
-1206.76
1621.4
1433.75
1104.05
-751.925
1153.7
-1130.71
950.24
-478.162
387.908
-881.138
1685.69
-1122.22
-554.698
187.291
1628.42
480.261
131.208
-884.327
-343.818
408.001
648.534
-17.0413
-250.994
-348.103
-863.501
825.597
-443.246
-1234.74
432.841
-452.243
-84.9526
369.565
117.337
-390.978
-45.432
-924.624
-2205.6
-286.356
1189.78
-577.1
-1269.33
228.724
2568.1
65.3583
745.514
-1335.11
961.718
-933.494
1758.01
-473.099
124.275
-581.653
634.31
-598.581
1008.69
485.277
1670.71
60.4213
-144.647
-918.004
27.3218
-422.598
857.769
294.983
-47.1273
87.6448
211.091
609.338
-1169.67
-2115.59
520.795
-148.617
-411.028
294
-531.88
-236.09
397.074
-2232.36
-1327.56
513.82
119.483
128.051
-4.44836
315.24
1028.61
-253.464
52.2929
-853.399
-133.488
48.3877
1627.46
387.634
807.765
-703.906
566.709
-745.539
136.375
-386.406
1841.7
-781.427
1095.62
-1241.99
852.492
143.232
2545.02
287.965
-1348.42
-695.007
1183.46
-378.956
-2308.02
-1025.03
-57.9337
-425.075
283.972
375.271
-57.3134
-294.518
561.422
-1140.31
-511.884
874.524
-923.301
-365.985
-395.571
-170.945
520.652
295.736
-517.668
-911.125
133.818
655.255
1797.13
321.722
-514.021
-991.222
1865.06
-980.239
441.305
-517.222
791.192
-1194.16
1007.12
-986.403
1000.39
1466.31
1641.85
-1084.68
-371.379
-8.98459
-465.826
-724.523
-914.282
707.048
378.607
162.974
-279.645
-677.098
16.7561
-769.24
344.479
-925.429
734.234
-848.446
38.5873
-413.284
238.114
994.273
611.437
704.835
-1026.78
-154.155
-861.115
-617.904
-524.237
-298.35
-939.715
615.602
1771.53
40.7279
1057.76
189.082
1000.9
-198.27
-1533.29
-695.448
1526.71
618.531
1056.46
-1585.31
659.035
366.144
-1734.48
-498.332
29.4241
355.618
641.694
-308.608
-1415.53
-259.712
603.361
864.663
367.908
1872.04
-555.432
-2496.7
432.56
-1093.85
-758.773
382.791
290.355
-642.339
80.5531
-234.007
508.661
541.993
-66.2191
-711.752
-1083.41
1468.93
520.901
946.056
112.212
771.661
1163.13
1006.7
-1172.5
-1716.06
-145.587
663.787
660.578
-1026.26
870.702
-1101.16
-1040.49
740.729
469.018
-287.896
189.726
-420.769
664.802
892.708
-239.194
252.226
-325.998
-292.872
-1994.52
-1540.71
760.077
174.725
-460.377
-741.307
556.852
-516.023
-1299.62
229.17
862.114
1788.52
553.417
189.279
536.922
-159.355
267.726
329.626
52.9369
-2085.61
1535.57
624.564
72.8484
136.395
-1323.94
728.619
-1931.11
24.2945
690.798
186.857
700.013
695.141
1467.22
357.115
1562.87
-1156.21
-412.641
-1240.81
-1682.35
-249.159
171.629
-594.563
-1066.84
338.514
866.852
997.049
-247.655
-1299.9
1578.23
-1452.29
-241.738
1158.74
526.556
-1079.72
515.108
28.065
-133.204
-126.713
-1310.03
252.262
-72.9029
-315.18
333.15
403.17
3.71739
-1138.91
-1097.1
551.404
700.831
732.033
1503.23
1025.6
427.375
397.471
102.436
-57.7176
-2265.75
-1145.28
-58.2279
-77.0451
1667.79
1380.16
119.794
-764.451
522.009
347.097
1340.96
5.1814
-1504.27
-26.8209
383.975
-1900.65
-566.616
356.516
-910.531
754.358
1274.26
-857.799
601.087
-1199.38
-1816.26
675.537
560.809
-1392.9
-634.304
508.29
496.915
-628.867
322.66
318.972
-69.3711
188.423
1403.92
-197.319
623.476
569.077
-1955.28
996.164
-2386.27
2188.68
986.172
1678.8
202.203
834.443
-1522.24
-647.845
792.915
-420.781
1594.54
-1188.16
652.439
-202.281
65.0982
-2484.27
-226.97
1741.26
-736.987
536.427
49.111
-976.521
1626.12
-1689.91
-1688.41
-610.754
-362.408
-161.687
823.581
499.403
260.697
1281.74
-945.975
155.652
-1829.24
-190.432
252.419
226.524
389.939
285.232
720.604
2509.23
-336.38
2031.13
-101.162
-1031.84
-906.788
-569.45
-1552.66
278.064
680.167
1486.41
-200.245
-1392.8
2315.24
499.875
54.7594
-1158.53
-13.4711
1113.74
-645.032
-883.302
-342.944
-1972.1
1728.52
-1344
-1207.68
-890.857
-580.006
2481.98
-547.799
564.49
-436.878
-31.3749
-401.554
1746.23
-1222.09
761.11
940.78
272.833
-1532.99
-684.042
873.346
1251.49
-188.15
487.186
-936.792
-1196.69
1990.44
919.481
249.645
-394.077
116.311
1822.91
-1037.23
393.686
1001.04
-395.543
-226.868
-459.489
-1458.72
525.822
-1271.06
-1445.17
89.347
-290.86
1995.7
448.751
-1885.22
-1435.42
-752.732
3361.31
-1538.92
815.92
-1370.04
-4049.7
3164.9
3082.7
-1602.97
608.6
-531.696
1050.39
-2235.09
-357.362
2136.37
974.272
41.7254
-469.116
393.646
-477.075
2103.48
1252.47
1190.81
-1179.23
-213.14
2018.38
-2140.19
2206.79
1088.14
162.172
197.02
-770.875
-3158.2
261.963
-3688.68
-4034.37
-400.76
2479.66
1911.33
5558.07
-4175.83
-1410.15
-1013.4
3059.89
-2790.68
-444.234
-4363.46
-8043.09
14221.9
3649.57
-3318.52
-2120.84
-2873.91
-469.206
-2694.05
301.524
5298.25
1955.22
984.714
1667.14
2034.08
1419.89
2083.59
3037.59
-773.844
1122.27
-1768.66
762.971
-3529.07
-505.573
454.865
-2218.42
1080.45
-690.276
-1130.46
-177.976
-3164.35
-3192.44
-365.784
7158.03
-409.205
7447.68
-7205.41
-801.616
-5164.38
-1670.05
-6754.35
-8010.8
-6653.89
-6765.95
25312.9
979.963
-456.363
-2922.01
93.5505
2404.36
1864.45
5309.27
3413.06
8174.96
2542.05
8408.94
3391.23
2308.07
261.087
2207.45
-491.8
2191.32
1122.75
497.714
547.085
-540
547.085
497.714
1122.75
2191.32
-491.8
2207.45
261.087
2308.07
3391.23
8408.94
2542.05
8174.96
3413.06
5309.27
1864.45
2404.36
93.5505
-2922.01
-456.363
979.963
25312.9
-6765.95
-6653.89
-8010.8
-6754.35
-1670.05
-5164.38
-801.616
-7205.41
7447.68
-409.205
7158.03
-365.784
-3192.44
-3164.35
-177.976
-1130.46
-690.276
1080.45
-2218.42
454.865
-505.573
-3529.07
762.971
-1768.66
1122.27
-773.844
3037.59
2083.59
1419.89
2034.08
1667.14
984.714
1955.22
5298.25
301.524
-2694.05
-469.206
-2873.91
-2120.84
-3318.52
3649.57
14221.9
-8043.09
-4363.46
-444.234
-2790.68
3059.89
-1013.4
-1410.15
-4175.83
5558.07
1911.33
2479.66
-400.76
-4034.37
-3688.68
261.963
-3158.2
-770.875
197.02
162.172
1088.14
2206.79
-2140.19
2018.38
-213.14
-1179.23
1190.81
1252.47
2103.48
-477.075
393.646
-469.116
41.7254
974.272
2136.37
-357.362
-2235.09
1050.39
-531.696
608.6
-1602.97
3082.7
3164.9
-4049.7
-1370.04
815.92
-1538.92
3361.31
-752.732
-1435.42
-1885.22
448.751
1995.7
-290.86
89.347
-1445.17
-1271.06
525.822
-1458.72
-459.489
-226.868
-395.543
1001.04
393.686
-1037.23
1822.91
116.311
-394.077
249.645
919.481
1990.44
-1196.69
-936.792
487.186
-188.15
1251.49
873.346
-684.042
-1532.99
272.833
940.78
761.11
-1222.09
1746.23
-401.554
-31.3749
-436.878
564.49
-547.799
2481.98
-580.006
-890.857
-1207.68
-1344
1728.52
-1972.1
-342.944
-883.302
-645.032
1113.74
-13.4711
-1158.53
54.7594
499.875
2315.24
-1392.8
-200.245
1486.41
680.167
278.064
-1552.66
-569.45
-906.788
-1031.84
-101.162
2031.13
-336.38
2509.23
720.604
285.232
389.939
226.524
252.419
-190.432
-1829.24
155.652
-945.975
1281.74
260.697
499.403
823.581
-161.687
-362.408
-610.754
-1688.41
-1689.91
1626.12
-976.521
49.111
536.427
-736.987
1741.26
-226.97
-2484.27
65.0982
-202.281
652.439
-1188.16
1594.54
-420.781
792.915
-647.845
-1522.24
834.443
202.203
1678.8
986.172
2188.68
-2386.27
996.164
-1955.28
569.077
623.476
-197.319
1403.92
188.423
-69.3711
318.972
322.66
-628.867
496.915
508.29
-634.304
-1392.9
560.809
675.537
-1816.26
-1199.38
601.087
-857.799
1274.26
754.358
-910.531
356.516
-566.616
-1900.65
383.975
-26.8209
-1504.27
5.1814
1340.96
347.097
522.009
-764.451
119.794
1380.16
1667.79
-77.0451
-58.2279
-1145.28
-2265.75
-57.7176
102.436
397.471
427.375
1025.6
1503.23
732.033
700.831
551.404
-1097.1
-1138.91
3.71739
403.17
333.15
-315.18
-72.9029
252.262
-1310.03
-126.713
-133.204
28.065
515.108
-1079.72
526.556
1158.74
-241.738
-1452.29
1578.23
-1299.9
-247.655
997.049
866.852
338.514
-1066.84
-594.563
171.629
-249.159
-1682.35
-1240.81
-412.641
-1156.21
1562.87
357.115
1467.22
695.141
700.013
186.857
690.798
24.2945
-1931.11
728.619
-1323.94
136.395
72.8484
624.564
1535.57
-2085.61
52.9369
329.626
267.726
-159.355
536.922
189.279
553.417
1788.52
862.114
229.17
-1299.62
-516.023
556.852
-741.307
-460.377
174.725
760.077
-1540.71
-1994.52
-292.872
-325.998
252.226
-239.194
892.708
664.802
-420.769
189.726
-287.896
469.018
740.729
-1040.49
-1101.16
870.702
-1026.26
660.578
663.787
-145.587
-1716.06
-1172.5
1006.7
1163.13
771.661
112.212
946.056
520.901
1468.93
-1083.41
-711.752
-66.2191
541.993
508.661
-234.007
80.5531
-642.339
290.355
382.791
-758.773
-1093.85
432.56
-2496.7
-555.432
1872.04
367.908
864.663
603.361
-259.712
-1415.53
-308.608
641.694
355.618
29.4241
-498.332
-1734.48
366.144
659.035
-1585.31
1056.46
618.531
1526.71
-695.448
-1533.29
-198.27
1000.9
189.082
1057.76
40.7279
1771.53
615.602
-939.715
-298.35
-524.237
-617.904
-861.115
-154.155
-1026.78
704.835
611.437
994.273
238.114
-413.284
38.5873
-848.446
734.234
-925.429
344.479
-769.24
16.7561
-677.098
-279.645
162.974
378.607
707.048
-914.282
-724.523
-465.826
-8.98459
-371.379
-1084.68
1641.85
1466.31
1000.39
-986.403
1007.12
-1194.16
791.192
-517.222
441.305
-980.239
1865.06
-991.222
-514.021
321.722
1797.13
655.255
133.818
-911.125
-517.668
295.736
520.652
-170.945
-395.571
-365.985
-923.301
874.524
-511.884
-1140.31
561.422
-294.518
-57.3134
375.271
283.972
-425.075
-57.9337
-1025.03
-2308.02
-378.956
1183.46
-695.007
-1348.42
287.965
2545.02
143.232
852.492
-1241.99
1095.62
-781.427
1841.7
-386.406
136.375
-745.539
566.709
-703.906
807.765
387.634
1627.46
48.3877
-133.488
-853.399
52.2929
-253.464
1028.61
315.24
-4.44836
128.051
119.483
513.82
-1327.56
-2232.36
397.074
-236.09
-531.88
294
-411.028
-148.617
520.795
-2115.59
-1169.67
609.338
211.091
87.6448
-47.1273
294.983
857.769
-422.598
27.3218
-918.004
-144.647
60.4213
1670.71
485.277
1008.69
-598.581
634.31
-581.653
124.275
-473.099
1758.01
-933.494
961.718
-1335.11
745.514
65.3583
2568.1
228.724
-1269.33
-577.1
1189.78
-286.356
-2205.6
-924.624
-45.432
-390.978
117.337
369.565
-84.9526
-452.243
432.841
-1234.74
-443.246
825.597
-863.501
-348.103
-250.994
-17.0413
648.534
408.001
-343.818
-884.327
131.208
480.261
1628.42
187.291
-554.698
-1122.22
1685.69
-881.138
387.908
-478.162
950.24
-1130.71
1153.7
-751.925
1104.05
1433.75
1621.4
-1206.76
-566.705
-100.992
-697.354
-900.576
-965.211
708.587
452.126
295.93
-191.774
-483.902
193.465
-799.925
417.609
-777.926
783.644
-975.563
-181.299
-566.653
75.0125
992.187
628.979
644.374
-973.456
-144.552
-600.306
-553.227
-368.989
-297.296
-970.003
638.724
1652.72
133.113
764.442
116.537
937.214
-297.769
-1374.94
-627.422
1441.9
604.352
1165.03
-1417.07
714.034
494.695
-1810.78
-624.03
60.2409
359.056
607.085
-409.287
-1518.63
-383.163
570.824
828.523
528.02
2046.77
-528.247
-2440.97
441.838
-794.684
-833.762
492.743
186.712
-894.532
-203.325
-413.362
486.262
494.344
-87.7676
-750.603
-1054.42
1796.24
635.424
1207.45
83.8303
784.642
1313.18
957.642
-927.371
-2099.3
-453.479
625.903
572.906
-967.931
750.113
-1109.76
-1095.79
929.908
718.523
-41.8646
318.679
-308.078
638.737
958.218
-301.182
157.381
-373.071
-589.183
-2235.31
-1777.71
625.57
406.888
-749.808
-570.99
643.775
-356.713
-1394.59
427.757
988.108
1827.97
596.617
215.711
427.82
-266.963
94.1602
373.066
-74.0768
-2413.28
1537.84
688.734
331.371
220.964
-1055.31
1259.9
-1841.01
163.518
623.934
24.0303
651.921
378.497
1402.04
181.982
1747.39
-1182.84
-767.757
-850.762
-1890.18
4.10161
332.641
-388.82
-1097.26
109.548
764.666
767.763
-682.467
-1580.94
1515.95
-1700.83
-350.627
1429.86
1019.31
-1185.08
812.374
438.551
-478.707
-120.525
-1251.32
551.257
-204.722
-535.076
50.0728
529.701
-187.678
-992.962
-972.941
891.661
922.412
882.257
1709.7
1283.68
683.428
-30.0202
435.961
-228.566
-1822.17
-1837.7
-746.956
91.5214
1250.55
1320
44.0317
-515.549
329.002
-74.1456
1686.15
-431.927
-1159.02
69.9722
412.556
-2183.21
-653.858
606.934
-684.706
412.178
1208.2
-464.715
-598.838
-1039.82
-1646.58
650.291
1319.37
-1234.34
-430.634
935.317
762.207
-404.901
735.551
538.547
-148.312
-40.3547
919.784
383.242
289.363
718.965
-2038.88
202.537
-1824.17
792.373
1725.36
1475.66
1307.46
471.432
-1292.78
-472.303
-202.447
-1952.14
1302.41
-1746.7
1277.12
821.474
-531.262
-2678.29
-407.741
1785
-359.172
1003.91
10.277
-756.799
1146.55
-1021.74
-1287.28
-1336.7
782.587
-1681.09
426.572
843.254
1183.88
2676.28
615.781
266.63
-1409.62
-342.089
-168.787
-89.061
-142.975
1383.3
-1256.26
791.216
32.7448
100.782
1302.87
-1641.57
1453.72
-297.171
-1460.89
1095.37
-1427.42
-536.741
38.2032
-1252.15
2801.42
681.645
-986.725
-2370.94
1002.16
-366.102
158.63
-469.175
-1096.6
-1876.14
3783.63
21.4329
-505.882
136.259
506.516
-134.01
-983.393
614.876
375.932
3497.59
173.265
-974.493
975.445
-814.106
586.451
-3341.71
-61.9116
2306.58
-3001.38
1565.01
289.998
864.404
20.0302
215.338
2555.28
312.327
-2841.32
-881.653
-2357.06
-684.095
1637.18
-1444.12
607.698
-2630.78
1818.39
-1123.85
3124.11
-1121.04
988.555
514.411
-1090.67
-1009.52
3409.73
-2796.5
-1846.14
1839.63
1302.61
967.307
-62.1443
-174.322
1004.5
4838.1
-2950.99
-2387.88
2602.41
-1014.51
-496.799
-2499.4
1894.33
2314.44
-5474.59
2120.34
193.968
2021.69
1459.13
1818.7
-638.112
-2509.93
-2348.48
-2960.11
286.1
-862.403
1860.8
-2859.34
-343.06
-1783.09
4239.86
-1229.8
1526.88
1006.22
1877.16
1950.24
176.932
-2619.8
1037.46
-5399.9
-355.312
1594.45
3555.09
451.629
1005.89
48.9267
1158
6476.71
-10601.6
-309.204
1032.75
3186.75
1077.72
2330.76
2358.65
-1817.34
-3000.83
-2052.19
910.914
-2832.96
932.355
-2388.7
-1856.86
-2320.66
-314.734
-564.337
1125.72
974.565
1522.31
-744.51
1803.99
320.104
2703.22
-3341.33
284.753
759.741
2330.72
-834.741
-297.457
-5183.79
909.026
-3700.74
4185.23
2776.7
5889.3
4176.7
5270.23
4406.62
2747.35
6992.47
-21776.1
1516.24
-593.175
2522.83
190.983
-855.372
-1393.02
-7372.17
-2844.18
-8022.19
-1003.26
-8464.09
-614.606
-3932.92
256.646
-837.811
-370.005
-3152.8
-1447.01
-288.434
-201.729
