75
3
-94
3
-112
3
-7
2
69
2
-101
1
34
1
-84
0
8
0
58
-1
-108
-2
104
-2
-37
-2
49
0
-57
1
48
3
-1
3
96
3
29
2
-78
0
-104
-1
25
-1
-76
-2
52
-2
15
-3
122
-5
-68
-7
86
-8
-43
-9
72
-8
-53
-7
-96
-5
106
-3
-13
-2
-38
-1
90
0
-123
0
-101
0
-5
0
96
1
-107
1
-30
1
17
2
31
2
6
2
-40
1
-33
1
62
2
-20
2
115
3
-127
3
25
3
100
2
-71
1
51
1
-61
0
56
0
-125
-1
-65
-2
75
-2
-115
-2
-121
-1
28
1
-52
2
-69
3
-87
3
-79
2
53
1
4
0
93
-1
-6
-2
126
-2
-88
-3
59
-4
108
-6
-10
-8
14
-8
28
-8
77
-7
8
-5
-28
-4
-117
-2
-66
-1
86
0
-115
0
-82
0
-16
0
75
1
-97
1
-20
1
25
2
54
2
48
2
-20
1
-45
1
49
2
-40
2
112
3
-90
3
100
3
-55
2
21
2
127
1
-9
0
-121
0
-29
-1
13
-1
-126
-2
122
-2
50
-1
-120
0
66
2
-113
3
-28
3
48
3
-80
1
99
0
-125
-1
1
-1
-89
-2
-7
-3
-62
-4
7
-5
105
-7
53
-8
-30
-9
-85
-8
61
-6
45
-4
-29
-3
47
-1
-4
-1
78
0
118
0
-75
0
1
1
85
1
-69
1
-7
1
31
2
76
2
30
2
-20
1
28
2
-101
2
69
3
-69
3
-85
3
37
3
118
2
-47
1
76
1
-38
0
60
0
102
-1
-84
-2
109
-2
-40
-2
-7
-1
-91
1
